sequence,is_seed,length,score,energetic_hotspot_preservation,hotspot_preservation,interface_exact_preservation,interface_group_similarity,global_group_similarity,normalized_hamming,novelty_bonus,composition_penalty,seed_start_resseq,seed_end_resseq,n_energetic_hotspots_in_seed,n_interface_positions_in_seed
MYIDALEKFACNCMVPYIGERCQYRDLKWW,False,30,0.9713993782870558,1.0,1.0,1.0,1.0,1.0,0.16666666666666666,0.8569968914352789,0.0,21,50,11,23
MFIDALDKFACSCVVPYIGERCQYRDLKWW,False,30,0.9648776391566211,1.0,1.0,0.9565217391304348,1.0,1.0,0.16666666666666666,0.8569968914352789,0.0,21,50,11,23
MWIDALDKWACNCVVPYVGERCQYRDLKWW,False,30,0.9648776391566211,1.0,1.0,0.9565217391304348,1.0,1.0,0.16666666666666666,0.8569968914352789,0.0,21,50,11,23
MYIDALDKWACNCAVPYIGERCQYRDLKWW,False,30,0.9477982592560619,1.0,1.0,1.0,1.0,1.0,0.13333333333333333,0.7389912962803088,0.0,21,50,11,23
MYIDALEKWACNCIVGYIGERCQYRDLKWW,False,30,0.9477982592560619,1.0,1.0,1.0,1.0,1.0,0.13333333333333333,0.7389912962803088,0.0,21,50,11,23
MYIDALEKWACNCVVPYIGERCQYRDLKWW,False,30,0.9477982592560619,1.0,1.0,1.0,1.0,1.0,0.13333333333333333,0.7389912962803088,0.0,21,50,11,23
MYIDALEKYACNCIVPYIGERCQYRDLKWW,False,30,0.9477982592560619,1.0,1.0,1.0,1.0,1.0,0.13333333333333333,0.7389912962803088,0.0,21,50,11,23
MYIEALEKYAATCIVPYIGERCQYRDLKWW,False,30,0.9463269145189398,1.0,1.0,0.9130434782608695,0.9565217391304348,0.9666666666666667,0.16666666666666666,0.8569968914352789,0.0,21,50,11,23
MFIDALEKYACSCVVGYIGERCQYRDLKWW,False,30,0.941276520125627,1.0,1.0,0.9565217391304348,1.0,1.0,0.13333333333333333,0.7389912962803088,0.0,21,50,11,23
MWIEALEKFACNCVLGYIGERCQYRDLKWW,False,30,0.941276520125627,1.0,1.0,0.9565217391304348,1.0,1.0,0.13333333333333333,0.7389912962803088,0.0,21,50,11,23
MYIDALDKFACNCVVPYIGERCQYRDLKYW,False,30,0.941276520125627,1.0,1.0,0.9565217391304348,1.0,1.0,0.13333333333333333,0.7389912962803088,0.0,21,50,11,23
MYIDALDRFACNCVVPYIGERCQYRDLKWW,False,30,0.941276520125627,1.0,1.0,0.9565217391304348,1.0,1.0,0.13333333333333333,0.7389912962803088,0.0,21,50,11,23
MYIDALEKFACNCVVGYVGERCQYRDLKWW,False,30,0.941276520125627,1.0,1.0,0.9565217391304348,1.0,1.0,0.13333333333333333,0.7389912962803088,0.0,21,50,11,23
MYIDALEKWACTCVVGYIGERCQYRDLKWW,False,30,0.941276520125627,1.0,1.0,0.9565217391304348,1.0,1.0,0.13333333333333333,0.7389912962803088,0.0,21,50,11,23
MYIDLLEKFACNCVVGYIGERCQYRDLKWW,False,30,0.941276520125627,1.0,1.0,0.9565217391304348,1.0,1.0,0.13333333333333333,0.7389912962803088,0.0,21,50,11,23
MYIEALDKWACNCLVPYIGERCQYRELKWW,False,30,0.941276520125627,1.0,1.0,0.9565217391304348,1.0,1.0,0.13333333333333333,0.7389912962803088,0.0,21,50,11,23
MYIEALEKFACNCVVPYIGERCQYRDLHWW,False,30,0.941276520125627,1.0,1.0,0.9565217391304348,1.0,1.0,0.13333333333333333,0.7389912962803088,0.0,21,50,11,23
MYIEALEKFACNCVVPYIGERCQYRELKWW,False,30,0.941276520125627,1.0,1.0,0.9565217391304348,1.0,1.0,0.13333333333333333,0.7389912962803088,0.0,21,50,11,23
MYIEALEKFACNCVVPYVGERCQYRDLKWW,False,30,0.941276520125627,1.0,1.0,0.9565217391304348,1.0,1.0,0.13333333333333333,0.7389912962803088,0.0,21,50,11,23
MYIEALEKWICNCVVPYIGERCQYRDLKWW,False,30,0.941276520125627,1.0,1.0,0.9565217391304348,1.0,1.0,0.13333333333333333,0.7389912962803088,0.0,21,50,11,23
MYIDVLDKYACNCMVGYIGERCQYRDLKWF,False,30,0.9347547809951922,1.0,1.0,0.9130434782608695,1.0,1.0,0.13333333333333333,0.7389912962803088,0.0,21,50,11,23
MYIEALDKWACNCVVPYIGERCQYRELKWF,False,30,0.9347547809951922,1.0,1.0,0.9130434782608695,1.0,1.0,0.13333333333333333,0.7389912962803088,0.0,21,50,11,23
MYIEALDKWICNCAVGYIGERCQYRDLKFW,False,30,0.9347547809951922,1.0,1.0,0.9130434782608695,1.0,1.0,0.13333333333333333,0.7389912962803088,0.0,21,50,11,23
MYIEALDKFACNCEVGYIGERCQYRELKFW,False,30,0.931421447661859,1.0,1.0,0.9130434782608695,1.0,0.9666666666666667,0.13333333333333333,0.7389912962803088,0.0,21,50,11,23
MWIDALDKYACNCIVGYIGERCQYRDLKWW,False,30,0.9213061319425268,1.0,1.0,1.0,1.0,1.0,0.1,0.6065306597126334,0.0,21,50,11,23
MWIEALDKFACNCVVPYIGERCQYRDLKWW,False,30,0.9213061319425268,1.0,1.0,1.0,1.0,1.0,0.1,0.6065306597126334,0.0,21,50,11,23
MWIEALEKYACNCVVPYIGERCQYRDLKWW,False,30,0.9213061319425268,1.0,1.0,1.0,1.0,1.0,0.1,0.6065306597126334,0.0,21,50,11,23
MYIDALDKFACNCLVGYIGERCQYRDLKWW,False,30,0.9213061319425268,1.0,1.0,1.0,1.0,1.0,0.1,0.6065306597126334,0.0,21,50,11,23
MYIDALDKFACNCMVGYIGERCQYRDLKWW,False,30,0.9213061319425268,1.0,1.0,1.0,1.0,1.0,0.1,0.6065306597126334,0.0,21,50,11,23
MYIDALDKFACNCVVPYIGERCQYRDLKWW,False,30,0.9213061319425268,1.0,1.0,1.0,1.0,1.0,0.1,0.6065306597126334,0.0,21,50,11,23
MYIDALDKWACNCVVPYIGERCQYRDLKWW,False,30,0.9213061319425268,1.0,1.0,1.0,1.0,1.0,0.1,0.6065306597126334,0.0,21,50,11,23
MYIDALDKYACNCIVPYIGERCQYRDLKWW,False,30,0.9213061319425268,1.0,1.0,1.0,1.0,1.0,0.1,0.6065306597126334,0.0,21,50,11,23
MYIDALEKFACNCVVGYIGERCQYRDLKWW,False,30,0.9213061319425268,1.0,1.0,1.0,1.0,1.0,0.1,0.6065306597126334,0.0,21,50,11,23
MYIDALEKWACNCVVGYIGERCQYRDLKWW,False,30,0.9213061319425268,1.0,1.0,1.0,1.0,1.0,0.1,0.6065306597126334,0.0,21,50,11,23
MYIDALEKYACNCIVGYIGERCQYRDLKWW,False,30,0.9213061319425268,1.0,1.0,1.0,1.0,1.0,0.1,0.6065306597126334,0.0,21,50,11,23
MYIDALEKYACNCVVPYIGERCQYRDLKWW,False,30,0.9213061319425268,1.0,1.0,1.0,1.0,1.0,0.1,0.6065306597126334,0.0,21,50,11,23
MYIEALDKFACNCIVPYIGERCQYRDLKWW,False,30,0.9213061319425268,1.0,1.0,1.0,1.0,1.0,0.1,0.6065306597126334,0.0,21,50,11,23
MYIEALEKFACNCAVGYIGERCQYRDLKWW,False,30,0.9213061319425268,1.0,1.0,1.0,1.0,1.0,0.1,0.6065306597126334,0.0,21,50,11,23
MYIEALEKFACNCIVGYIGERCQYRDLKWW,False,30,0.9213061319425268,1.0,1.0,1.0,1.0,1.0,0.1,0.6065306597126334,0.0,21,50,11,23
MYIEALEKFACNCLVGYIGERCQYRDLKWW,False,30,0.9213061319425268,1.0,1.0,1.0,1.0,1.0,0.1,0.6065306597126334,0.0,21,50,11,23
MYIEALEKFACNCVVPYIGERCQYRDLKWW,False,30,0.9213061319425268,1.0,1.0,1.0,1.0,1.0,0.1,0.6065306597126334,0.0,21,50,11,23
MYIEALEKWACNCLVGYIGERCQYRDLKWW,False,30,0.9213061319425268,1.0,1.0,1.0,1.0,1.0,0.1,0.6065306597126334,0.0,21,50,11,23
MYIEALEKWACNCVVPYIGERCQYRDLKWW,False,30,0.9213061319425268,1.0,1.0,1.0,1.0,1.0,0.1,0.6065306597126334,0.0,21,50,11,23
MYIEALEKYACNCIVPYIGERCQYRDLKWW,False,30,0.9213061319425268,1.0,1.0,1.0,1.0,1.0,0.1,0.6065306597126334,0.0,21,50,11,23
MYIEALEKFACNCVVGYVGERCQYKDLKWY,False,30,0.9200159790775696,0.9090909090909091,0.9090909090909091,0.8695652173913043,1.0,1.0,0.16666666666666666,0.8569968914352789,0.0,21,50,11,23
MFIDLLDKYACNCVVGYIGERCQYRDLKWW,False,30,0.914784392812092,1.0,1.0,0.9565217391304348,1.0,1.0,0.1,0.6065306597126334,0.0,21,50,11,23
MWIDALDHYACNCVVGYIGERCQYRDLKWW,False,30,0.914784392812092,1.0,1.0,0.9565217391304348,1.0,1.0,0.1,0.6065306597126334,0.0,21,50,11,23
MWIDALDKYACNCVVGYIGERCQYRDLKWF,False,30,0.914784392812092,1.0,1.0,0.9565217391304348,1.0,1.0,0.1,0.6065306597126334,0.0,21,50,11,23
MWIEALDKYACNCIVGYAGERCQYRDLKWW,False,30,0.914784392812092,1.0,1.0,0.9565217391304348,1.0,1.0,0.1,0.6065306597126334,0.0,21,50,11,23
MYIDALDKFACNCVLGYIGERCQYRDLKWW,False,30,0.914784392812092,1.0,1.0,0.9565217391304348,1.0,1.0,0.1,0.6065306597126334,0.0,21,50,11,23
MYIDALDKFACTCVVGYIGERCQYRDLKWW,False,30,0.914784392812092,1.0,1.0,0.9565217391304348,1.0,1.0,0.1,0.6065306597126334,0.0,21,50,11,23
MYIDALDKFICNCVVGYIGERCQYRDLKWW,False,30,0.914784392812092,1.0,1.0,0.9565217391304348,1.0,1.0,0.1,0.6065306597126334,0.0,21,50,11,23
MYIDALDKWACNCVVGYIGERCQYRELKWW,False,30,0.914784392812092,1.0,1.0,0.9565217391304348,1.0,1.0,0.1,0.6065306597126334,0.0,21,50,11,23
MYIDALDKWACNCVVGYVGERCQYRDLKWW,False,30,0.914784392812092,1.0,1.0,0.9565217391304348,1.0,1.0,0.1,0.6065306597126334,0.0,21,50,11,23
MYIDALDKWACSCVVGYIGERCQYRDLKWW,False,30,0.914784392812092,1.0,1.0,0.9565217391304348,1.0,1.0,0.1,0.6065306597126334,0.0,21,50,11,23
MYIDALDKYACNCIVGYIGERCQYRDLKFW,False,30,0.914784392812092,1.0,1.0,0.9565217391304348,1.0,1.0,0.1,0.6065306597126334,0.0,21,50,11,23
MYIDALDKYACNCVLPYIGERCQYRDLKWW,False,30,0.914784392812092,1.0,1.0,0.9565217391304348,1.0,1.0,0.1,0.6065306597126334,0.0,21,50,11,23
MYIDALDKYACNCVVPYIGERCQYRDLKFW,False,30,0.914784392812092,1.0,1.0,0.9565217391304348,1.0,1.0,0.1,0.6065306597126334,0.0,21,50,11,23
MYIDALDKYACNCVVPYIGERCQYRELKWW,False,30,0.914784392812092,1.0,1.0,0.9565217391304348,1.0,1.0,0.1,0.6065306597126334,0.0,21,50,11,23
MYIDALDKYACNCVVPYVGERCQYRDLKWW,False,30,0.914784392812092,1.0,1.0,0.9565217391304348,1.0,1.0,0.1,0.6065306597126334,0.0,21,50,11,23
MYIDALDKYACTCVVPYIGERCQYRDLKWW,False,30,0.914784392812092,1.0,1.0,0.9565217391304348,1.0,1.0,0.1,0.6065306597126334,0.0,21,50,11,23
MYIDALEKYACNCVVGYMGERCQYRDLKWW,False,30,0.914784392812092,1.0,1.0,0.9565217391304348,1.0,1.0,0.1,0.6065306597126334,0.0,21,50,11,23
MYIDVLDKFACNCVVGYIGERCQYRDLKWW,False,30,0.914784392812092,1.0,1.0,0.9565217391304348,1.0,1.0,0.1,0.6065306597126334,0.0,21,50,11,23
MYIEALDKFACNCLLGYIGERCQYRDLKWW,False,30,0.914784392812092,1.0,1.0,0.9565217391304348,1.0,1.0,0.1,0.6065306597126334,0.0,21,50,11,23
MYIEALDKFACNCVLPYIGERCQYRDLKWW,False,30,0.914784392812092,1.0,1.0,0.9565217391304348,1.0,1.0,0.1,0.6065306597126334,0.0,21,50,11,23
MYIEALDKFACNCVVPYIGERCQYRELKWW,False,30,0.914784392812092,1.0,1.0,0.9565217391304348,1.0,1.0,0.1,0.6065306597126334,0.0,21,50,11,23
MYIEALDKFACTCVVPYIGERCQYRDLKWW,False,30,0.914784392812092,1.0,1.0,0.9565217391304348,1.0,1.0,0.1,0.6065306597126334,0.0,21,50,11,23
MYIEALDKWACNCIVGYIGERCQYRELKWW,False,30,0.914784392812092,1.0,1.0,0.9565217391304348,1.0,1.0,0.1,0.6065306597126334,0.0,21,50,11,23
MYIEALDKWACNCVVPYIGERCQYRDLKWY,False,30,0.914784392812092,1.0,1.0,0.9565217391304348,1.0,1.0,0.1,0.6065306597126334,0.0,21,50,11,23
MYIEALDKWACNCVVPYLGERCQYRDLKWW,False,30,0.914784392812092,1.0,1.0,0.9565217391304348,1.0,1.0,0.1,0.6065306597126334,0.0,21,50,11,23
MYIEALDKWVCNCVVPYIGERCQYRDLKWW,False,30,0.914784392812092,1.0,1.0,0.9565217391304348,1.0,1.0,0.1,0.6065306597126334,0.0,21,50,11,23
MYIEALDKYACNCIIPYIGERCQYRDLKWW,False,30,0.914784392812092,1.0,1.0,0.9565217391304348,1.0,1.0,0.1,0.6065306597126334,0.0,21,50,11,23
MYIEALDKYACNCLVPYMGERCQYRDLKWW,False,30,0.914784392812092,1.0,1.0,0.9565217391304348,1.0,1.0,0.1,0.6065306597126334,0.0,21,50,11,23
MYIEALEHYACNCVVPYIGERCQYRDLKWW,False,30,0.914784392812092,1.0,1.0,0.9565217391304348,1.0,1.0,0.1,0.6065306597126334,0.0,21,50,11,23
MYIEALEKFACNCVVGYIGERCQYRDLHWW,False,30,0.914784392812092,1.0,1.0,0.9565217391304348,1.0,1.0,0.1,0.6065306597126334,0.0,21,50,11,23
MYIEALEKFACNCVVGYIGERCQYRDLKFW,False,30,0.914784392812092,1.0,1.0,0.9565217391304348,1.0,1.0,0.1,0.6065306597126334,0.0,21,50,11,23
MYIEALEKFACNCVVGYIGERCQYRDLKYW,False,30,0.914784392812092,1.0,1.0,0.9565217391304348,1.0,1.0,0.1,0.6065306597126334,0.0,21,50,11,23
MYIEALEKYACNCIVGYIGERCQYRDLKWF,False,30,0.914784392812092,1.0,1.0,0.9565217391304348,1.0,1.0,0.1,0.6065306597126334,0.0,21,50,11,23
MYIEALEKYACNCVIPYIGERCQYRDLKWW,False,30,0.914784392812092,1.0,1.0,0.9565217391304348,1.0,1.0,0.1,0.6065306597126334,0.0,21,50,11,23
MYIEALEKYACNCVLPYIGERCQYRDLKWW,False,30,0.914784392812092,1.0,1.0,0.9565217391304348,1.0,1.0,0.1,0.6065306597126334,0.0,21,50,11,23
MYIEALEKYACSCIVGYIGERCQYRDLKWW,False,30,0.914784392812092,1.0,1.0,0.9565217391304348,1.0,1.0,0.1,0.6065306597126334,0.0,21,50,11,23
MYIEALERWACNCVVGYIGERCQYRDLKWW,False,30,0.914784392812092,1.0,1.0,0.9565217391304348,1.0,1.0,0.1,0.6065306597126334,0.0,21,50,11,23
MYIELLDKFACNCVVPYIGERCQYRDLKWW,False,30,0.914784392812092,1.0,1.0,0.9565217391304348,1.0,1.0,0.1,0.6065306597126334,0.0,21,50,11,23
MYIELLEKWACNCVVGYIGERCQYRDLKWW,False,30,0.914784392812092,1.0,1.0,0.9565217391304348,1.0,1.0,0.1,0.6065306597126334,0.0,21,50,11,23
MYIELLEKYACNCVVPYIGERCQYRDLKWW,False,30,0.914784392812092,1.0,1.0,0.9565217391304348,1.0,1.0,0.1,0.6065306597126334,0.0,21,50,11,23
MYIEMLDKFACNCVVPYIGERCQYRDLKWW,False,30,0.914784392812092,1.0,1.0,0.9565217391304348,1.0,1.0,0.1,0.6065306597126334,0.0,21,50,11,23
MYIEVLDKYACNCLVPYIGERCQYRDLKWW,False,30,0.914784392812092,1.0,1.0,0.9565217391304348,1.0,1.0,0.1,0.6065306597126334,0.0,21,50,11,23
MFIEALEKYACNCVVPFIGERCQYRDLKWC,False,30,0.9145087327007579,0.9090909090909091,0.9090909090909091,0.9130434782608695,0.9565217391304348,0.9666666666666667,0.16666666666666666,0.8569968914352789,0.0,21,50,11,23
IYIDALDKFACNCVVPYIGERCQYRDLKWW,False,30,0.909458338307445,0.9090909090909091,0.9090909090909091,0.9565217391304348,1.0,1.0,0.13333333333333333,0.7389912962803088,0.0,21,50,11,23
MWIDALDKWACNCVVGWIGERCQYRDLKWW,False,30,0.909458338307445,0.9090909090909091,0.9090909090909091,0.9565217391304348,1.0,1.0,0.13333333333333333,0.7389912962803088,0.0,21,50,11,23
MYIDALDKYACSCVVGYIGERCQYRDLHWW,False,30,0.9082626536816572,1.0,1.0,0.9130434782608695,1.0,1.0,0.1,0.6065306597126334,0.0,21,50,11,23
MYIDALDKYICNCVVGYIGERCQYRDLKYW,False,30,0.9082626536816572,1.0,1.0,0.9130434782608695,1.0,1.0,0.1,0.6065306597126334,0.0,21,50,11,23
MYIEALDHYICNCVVPYIGERCQYRDLKWW,False,30,0.9082626536816572,1.0,1.0,0.9130434782608695,1.0,1.0,0.1,0.6065306597126334,0.0,21,50,11,23
MYIEALDKFACNCVVGYIGERCQYRELKWF,False,30,0.9082626536816572,1.0,1.0,0.9130434782608695,1.0,1.0,0.1,0.6065306597126334,0.0,21,50,11,23
MYIEALDKFMCNCVVGYIGERCQYRELKWW,False,30,0.9082626536816572,1.0,1.0,0.9130434782608695,1.0,1.0,0.1,0.6065306597126334,0.0,21,50,11,23
MYIEALDKWACNCVVGYVGERCQYRELKWW,False,30,0.9082626536816572,1.0,1.0,0.9130434782608695,1.0,1.0,0.1,0.6065306597126334,0.0,21,50,11,23
MYIEVLEKYACQCVVGYIGERCQYRDLKWW,False,30,0.9082626536816572,1.0,1.0,0.9130434782608695,1.0,1.0,0.1,0.6065306597126334,0.0,21,50,11,23
LYIEALEHYACNCVVPYIGERCQYRDLKWW,False,30,0.9029365991770104,0.9090909090909091,0.9090909090909091,0.9130434782608695,1.0,1.0,0.13333333333333333,0.7389912962803088,0.0,21,50,11,23
MYIDALEKYACNCVVGWVGERCQYRDLKWW,False,30,0.9029365991770104,0.9090909090909091,0.9090909090909091,0.9130434782608695,1.0,1.0,0.13333333333333333,0.7389912962803088,0.0,21,50,11,23
MYIEAIDKWACNCVVPYIGERCQYRELKWW,False,30,0.9029365991770104,0.9090909090909091,0.9090909090909091,0.9130434782608695,1.0,1.0,0.13333333333333333,0.7389912962803088,0.0,21,50,11,23
MYIEAIEKYACNCVVPYVGERCQYRDLKWW,False,30,0.9029365991770104,0.9090909090909091,0.9090909090909091,0.9130434782608695,1.0,1.0,0.13333333333333333,0.7389912962803088,0.0,21,50,11,23
MYIEALDKWICNCVVPWIGERCQYRDLKWW,False,30,0.9029365991770104,0.9090909090909091,0.9090909090909091,0.9130434782608695,1.0,1.0,0.13333333333333333,0.7389912962803088,0.0,21,50,11,23
MYIEALERFACNCVVGYIGERCQYRDAKWW,False,30,0.9029365991770104,0.9090909090909091,0.9090909090909091,0.9130434782608695,1.0,1.0,0.13333333333333333,0.7389912962803088,0.0,21,50,11,23
MWIEALDKYACNCVVGYIGERCQYRELKCW,False,30,0.8962336681744107,1.0,1.0,0.9130434782608695,0.9565217391304348,0.9666666666666667,0.1,0.6065306597126334,0.0,21,50,11,23
MFIDALDKYACNCVVGYIGERCQYRDLKWW,False,30,0.8947653452790728,1.0,1.0,1.0,1.0,1.0,0.06666666666666667,0.47382672639536394,0.0,21,50,11,23
MFIEALDKFACNCVVGYIGERCQYRDLKWW,False,30,0.8947653452790728,1.0,1.0,1.0,1.0,1.0,0.06666666666666667,0.47382672639536394,0.0,21,50,11,23
MFIEALDKYACNCLVGYIGERCQYRDLKWW,False,30,0.8947653452790728,1.0,1.0,1.0,1.0,1.0,0.06666666666666667,0.47382672639536394,0.0,21,50,11,23
MFIEALDKYACNCVVPYIGERCQYRDLKWW,False,30,0.8947653452790728,1.0,1.0,1.0,1.0,1.0,0.06666666666666667,0.47382672639536394,0.0,21,50,11,23
MFIEALEKYACNCVVGYIGERCQYRDLKWW,False,30,0.8947653452790728,1.0,1.0,1.0,1.0,1.0,0.06666666666666667,0.47382672639536394,0.0,21,50,11,23
MWIDALDKYACNCVVGYIGERCQYRDLKWW,False,30,0.8947653452790728,1.0,1.0,1.0,1.0,1.0,0.06666666666666667,0.47382672639536394,0.0,21,50,11,23
MWIEALDKFACNCVVGYIGERCQYRDLKWW,False,30,0.8947653452790728,1.0,1.0,1.0,1.0,1.0,0.06666666666666667,0.47382672639536394,0.0,21,50,11,23
MWIEALDKWACNCVVGYIGERCQYRDLKWW,False,30,0.8947653452790728,1.0,1.0,1.0,1.0,1.0,0.06666666666666667,0.47382672639536394,0.0,21,50,11,23
MWIEALDKYACNCAVGYIGERCQYRDLKWW,False,30,0.8947653452790728,1.0,1.0,1.0,1.0,1.0,0.06666666666666667,0.47382672639536394,0.0,21,50,11,23
MWIEALDKYACNCVVPYIGERCQYRDLKWW,False,30,0.8947653452790728,1.0,1.0,1.0,1.0,1.0,0.06666666666666667,0.47382672639536394,0.0,21,50,11,23
MWIEALEKYACNCVVGYIGERCQYRDLKWW,False,30,0.8947653452790728,1.0,1.0,1.0,1.0,1.0,0.06666666666666667,0.47382672639536394,0.0,21,50,11,23
MYIDALDKFACNCVVGYIGERCQYRDLKWW,False,30,0.8947653452790728,1.0,1.0,1.0,1.0,1.0,0.06666666666666667,0.47382672639536394,0.0,21,50,11,23
MYIDALDKWACNCVVGYIGERCQYRDLKWW,False,30,0.8947653452790728,1.0,1.0,1.0,1.0,1.0,0.06666666666666667,0.47382672639536394,0.0,21,50,11,23
MYIDALDKYACNCAVGYIGERCQYRDLKWW,False,30,0.8947653452790728,1.0,1.0,1.0,1.0,1.0,0.06666666666666667,0.47382672639536394,0.0,21,50,11,23
MYIDALDKYACNCIVGYIGERCQYRDLKWW,False,30,0.8947653452790728,1.0,1.0,1.0,1.0,1.0,0.06666666666666667,0.47382672639536394,0.0,21,50,11,23
MYIDALDKYACNCLVGYIGERCQYRDLKWW,False,30,0.8947653452790728,1.0,1.0,1.0,1.0,1.0,0.06666666666666667,0.47382672639536394,0.0,21,50,11,23
MYIDALDKYACNCVVPYIGERCQYRDLKWW,False,30,0.8947653452790728,1.0,1.0,1.0,1.0,1.0,0.06666666666666667,0.47382672639536394,0.0,21,50,11,23
MYIDALEKYACNCVVGYIGERCQYRDLKWW,False,30,0.8947653452790728,1.0,1.0,1.0,1.0,1.0,0.06666666666666667,0.47382672639536394,0.0,21,50,11,23
MYIEALDKFACNCAVGYIGERCQYRDLKWW,False,30,0.8947653452790728,1.0,1.0,1.0,1.0,1.0,0.06666666666666667,0.47382672639536394,0.0,21,50,11,23
MYIEALDKFACNCVVPYIGERCQYRDLKWW,False,30,0.8947653452790728,1.0,1.0,1.0,1.0,1.0,0.06666666666666667,0.47382672639536394,0.0,21,50,11,23
MYIEALDKWACNCIVGYIGERCQYRDLKWW,False,30,0.8947653452790728,1.0,1.0,1.0,1.0,1.0,0.06666666666666667,0.47382672639536394,0.0,21,50,11,23
MYIEALDKWACNCLVGYIGERCQYRDLKWW,False,30,0.8947653452790728,1.0,1.0,1.0,1.0,1.0,0.06666666666666667,0.47382672639536394,0.0,21,50,11,23
MYIEALDKWACNCVVPYIGERCQYRDLKWW,False,30,0.8947653452790728,1.0,1.0,1.0,1.0,1.0,0.06666666666666667,0.47382672639536394,0.0,21,50,11,23
MYIEALDKYACNCIVPYIGERCQYRDLKWW,False,30,0.8947653452790728,1.0,1.0,1.0,1.0,1.0,0.06666666666666667,0.47382672639536394,0.0,21,50,11,23
MYIEALDKYACNCLVPYIGERCQYRDLKWW,False,30,0.8947653452790728,1.0,1.0,1.0,1.0,1.0,0.06666666666666667,0.47382672639536394,0.0,21,50,11,23
MYIEALEKFACNCVVGYIGERCQYRDLKWW,False,30,0.8947653452790728,1.0,1.0,1.0,1.0,1.0,0.06666666666666667,0.47382672639536394,0.0,21,50,11,23
MYIEALEKWACNCVVGYIGERCQYRDLKWW,False,30,0.8947653452790728,1.0,1.0,1.0,1.0,1.0,0.06666666666666667,0.47382672639536394,0.0,21,50,11,23
MYIEALEKYACNCAVGYIGERCQYRDLKWW,False,30,0.8947653452790728,1.0,1.0,1.0,1.0,1.0,0.06666666666666667,0.47382672639536394,0.0,21,50,11,23
MYIEALEKYACNCIVGYIGERCQYRDLKWW,False,30,0.8947653452790728,1.0,1.0,1.0,1.0,1.0,0.06666666666666667,0.47382672639536394,0.0,21,50,11,23
MYIEALEKYACNCMVGYIGERCQYRDLKWW,False,30,0.8947653452790728,1.0,1.0,1.0,1.0,1.0,0.06666666666666667,0.47382672639536394,0.0,21,50,11,23
MYIEALEKYACNCVVPYIGERCQYRDLKWW,False,30,0.8947653452790728,1.0,1.0,1.0,1.0,1.0,0.06666666666666667,0.47382672639536394,0.0,21,50,11,23
MYIEALEKPACNCVVGYIGERCQYRDLKWW,False,30,0.8914320119457395,1.0,1.0,1.0,1.0,0.9666666666666667,0.06666666666666667,0.47382672639536394,0.0,21,50,11,23
MFIELLDKYACNCVVGYIGERCQYRDLKWW,False,30,0.8882436061486381,1.0,1.0,0.9565217391304348,1.0,1.0,0.06666666666666667,0.47382672639536394,0.0,21,50,11,23
MYIDALDKYACNCVLGYIGERCQYRDLKWW,False,30,0.8882436061486381,1.0,1.0,0.9565217391304348,1.0,1.0,0.06666666666666667,0.47382672639536394,0.0,21,50,11,23
MYIDALDKYACNCVVGYAGERCQYRDLKWW,False,30,0.8882436061486381,1.0,1.0,0.9565217391304348,1.0,1.0,0.06666666666666667,0.47382672639536394,0.0,21,50,11,23
MYIDALDKYACNCVVGYIGERCQYRDLKFW,False,30,0.8882436061486381,1.0,1.0,0.9565217391304348,1.0,1.0,0.06666666666666667,0.47382672639536394,0.0,21,50,11,23
MYIDALDKYACNCVVGYIGERCQYRDLKYW,False,30,0.8882436061486381,1.0,1.0,0.9565217391304348,1.0,1.0,0.06666666666666667,0.47382672639536394,0.0,21,50,11,23
MYIDALDKYACNCVVGYIGERCQYRELKWW,False,30,0.8882436061486381,1.0,1.0,0.9565217391304348,1.0,1.0,0.06666666666666667,0.47382672639536394,0.0,21,50,11,23
MYIDALDKYACNCVVGYVGERCQYRDLKWW,False,30,0.8882436061486381,1.0,1.0,0.9565217391304348,1.0,1.0,0.06666666666666667,0.47382672639536394,0.0,21,50,11,23
MYIDILDKYACNCVVGYIGERCQYRDLKWW,False,30,0.8882436061486381,1.0,1.0,0.9565217391304348,1.0,1.0,0.06666666666666667,0.47382672639536394,0.0,21,50,11,23
MYIEALDHFACNCVVGYIGERCQYRDLKWW,False,30,0.8882436061486381,1.0,1.0,0.9565217391304348,1.0,1.0,0.06666666666666667,0.47382672639536394,0.0,21,50,11,23
MYIEALDHWACNCVVGYIGERCQYRDLKWW,False,30,0.8882436061486381,1.0,1.0,0.9565217391304348,1.0,1.0,0.06666666666666667,0.47382672639536394,0.0,21,50,11,23
MYIEALDHYACNCMVGYIGERCQYRDLKWW,False,30,0.8882436061486381,1.0,1.0,0.9565217391304348,1.0,1.0,0.06666666666666667,0.47382672639536394,0.0,21,50,11,23
MYIEALDKFACNCVVGYIGERCQYRDLKFW,False,30,0.8882436061486381,1.0,1.0,0.9565217391304348,1.0,1.0,0.06666666666666667,0.47382672639536394,0.0,21,50,11,23
MYIEALDKFACNCVVGYIGERCQYRDLKWY,False,30,0.8882436061486381,1.0,1.0,0.9565217391304348,1.0,1.0,0.06666666666666667,0.47382672639536394,0.0,21,50,11,23
MYIEALDKFACNCVVGYIGERCQYRDLKYW,False,30,0.8882436061486381,1.0,1.0,0.9565217391304348,1.0,1.0,0.06666666666666667,0.47382672639536394,0.0,21,50,11,23
MYIEALDKFACNCVVGYIGERCQYRELKWW,False,30,0.8882436061486381,1.0,1.0,0.9565217391304348,1.0,1.0,0.06666666666666667,0.47382672639536394,0.0,21,50,11,23
MYIEALDKFACNCVVGYMGERCQYRDLKWW,False,30,0.8882436061486381,1.0,1.0,0.9565217391304348,1.0,1.0,0.06666666666666667,0.47382672639536394,0.0,21,50,11,23
MYIEALDKFACTCVVGYIGERCQYRDLKWW,False,30,0.8882436061486381,1.0,1.0,0.9565217391304348,1.0,1.0,0.06666666666666667,0.47382672639536394,0.0,21,50,11,23
MYIEALDKWACNCVVGYIGERCQYRELKWW,False,30,0.8882436061486381,1.0,1.0,0.9565217391304348,1.0,1.0,0.06666666666666667,0.47382672639536394,0.0,21,50,11,23
MYIEALDKWACNCVVGYVGERCQYRDLKWW,False,30,0.8882436061486381,1.0,1.0,0.9565217391304348,1.0,1.0,0.06666666666666667,0.47382672639536394,0.0,21,50,11,23
MYIEALDKWACTCVVGYIGERCQYRDLKWW,False,30,0.8882436061486381,1.0,1.0,0.9565217391304348,1.0,1.0,0.06666666666666667,0.47382672639536394,0.0,21,50,11,23
MYIEALDKWICNCVVGYIGERCQYRDLKWW,False,30,0.8882436061486381,1.0,1.0,0.9565217391304348,1.0,1.0,0.06666666666666667,0.47382672639536394,0.0,21,50,11,23
MYIEALDKWVCNCVVGYIGERCQYRDLKWW,False,30,0.8882436061486381,1.0,1.0,0.9565217391304348,1.0,1.0,0.06666666666666667,0.47382672639536394,0.0,21,50,11,23
MYIEALDKYACNCIVGYIGERCQYRELKWW,False,30,0.8882436061486381,1.0,1.0,0.9565217391304348,1.0,1.0,0.06666666666666667,0.47382672639536394,0.0,21,50,11,23
MYIEALDKYACNCVIPYIGERCQYRDLKWW,False,30,0.8882436061486381,1.0,1.0,0.9565217391304348,1.0,1.0,0.06666666666666667,0.47382672639536394,0.0,21,50,11,23
MYIEALDKYACNCVLPYIGERCQYRDLKWW,False,30,0.8882436061486381,1.0,1.0,0.9565217391304348,1.0,1.0,0.06666666666666667,0.47382672639536394,0.0,21,50,11,23
MYIEALDKYACNCVMPYIGERCQYRDLKWW,False,30,0.8882436061486381,1.0,1.0,0.9565217391304348,1.0,1.0,0.06666666666666667,0.47382672639536394,0.0,21,50,11,23
MYIEALDKYACNCVVPYIGDRCQYRDLKWW,False,30,0.8882436061486381,1.0,1.0,0.9565217391304348,1.0,1.0,0.06666666666666667,0.47382672639536394,0.0,21,50,11,23
MYIEALDKYACNCVVPYIGERCQYRDLKFW,False,30,0.8882436061486381,1.0,1.0,0.9565217391304348,1.0,1.0,0.06666666666666667,0.47382672639536394,0.0,21,50,11,23
MYIEALDKYACNCVVPYIGERCQYRDLKWF,False,30,0.8882436061486381,1.0,1.0,0.9565217391304348,1.0,1.0,0.06666666666666667,0.47382672639536394,0.0,21,50,11,23
MYIEALDKYACNCVVPYIGERCQYRELKWW,False,30,0.8882436061486381,1.0,1.0,0.9565217391304348,1.0,1.0,0.06666666666666667,0.47382672639536394,0.0,21,50,11,23
MYIEALDKYACNCVVPYLGERCQYRDLKWW,False,30,0.8882436061486381,1.0,1.0,0.9565217391304348,1.0,1.0,0.06666666666666667,0.47382672639536394,0.0,21,50,11,23
MYIEALDKYACNCVVPYMGERCQYRDLKWW,False,30,0.8882436061486381,1.0,1.0,0.9565217391304348,1.0,1.0,0.06666666666666667,0.47382672639536394,0.0,21,50,11,23
MYIEALDKYACNCVVPYVGERCQYRDLKWW,False,30,0.8882436061486381,1.0,1.0,0.9565217391304348,1.0,1.0,0.06666666666666667,0.47382672639536394,0.0,21,50,11,23
MYIEALDKYACQCVVPYIGERCQYRDLKWW,False,30,0.8882436061486381,1.0,1.0,0.9565217391304348,1.0,1.0,0.06666666666666667,0.47382672639536394,0.0,21,50,11,23
MYIEALDKYACSCVVPYIGERCQYRDLKWW,False,30,0.8882436061486381,1.0,1.0,0.9565217391304348,1.0,1.0,0.06666666666666667,0.47382672639536394,0.0,21,50,11,23
MYIEALDKYACTCVVPYIGERCQYRDLKWW,False,30,0.8882436061486381,1.0,1.0,0.9565217391304348,1.0,1.0,0.06666666666666667,0.47382672639536394,0.0,21,50,11,23
MYIEALDKYVCNCVVPYIGERCQYRDLKWW,False,30,0.8882436061486381,1.0,1.0,0.9565217391304348,1.0,1.0,0.06666666666666667,0.47382672639536394,0.0,21,50,11,23
MYIEALEKYACNCVLGYIGERCQYRDLKWW,False,30,0.8882436061486381,1.0,1.0,0.9565217391304348,1.0,1.0,0.06666666666666667,0.47382672639536394,0.0,21,50,11,23
MYIEALEKYACNCVVGYIGDRCQYRDLKWW,False,30,0.8882436061486381,1.0,1.0,0.9565217391304348,1.0,1.0,0.06666666666666667,0.47382672639536394,0.0,21,50,11,23
MYIEALEKYACNCVVGYIGERCQYRDLHWW,False,30,0.8882436061486381,1.0,1.0,0.9565217391304348,1.0,1.0,0.06666666666666667,0.47382672639536394,0.0,21,50,11,23
MYIEALEKYACNCVVGYIGERCQYRELKWW,False,30,0.8882436061486381,1.0,1.0,0.9565217391304348,1.0,1.0,0.06666666666666667,0.47382672639536394,0.0,21,50,11,23
MYIEALEKYACSCVVGYIGERCQYRDLKWW,False,30,0.8882436061486381,1.0,1.0,0.9565217391304348,1.0,1.0,0.06666666666666667,0.47382672639536394,0.0,21,50,11,23
MYIEALEKYICNCVVGYIGERCQYRDLKWW,False,30,0.8882436061486381,1.0,1.0,0.9565217391304348,1.0,1.0,0.06666666666666667,0.47382672639536394,0.0,21,50,11,23
MYIEALEKYLCNCVVGYIGERCQYRDLKWW,False,30,0.8882436061486381,1.0,1.0,0.9565217391304348,1.0,1.0,0.06666666666666667,0.47382672639536394,0.0,21,50,11,23
MYIEALERYACNCVVGYIGERCQYRDLKWW,False,30,0.8882436061486381,1.0,1.0,0.9565217391304348,1.0,1.0,0.06666666666666667,0.47382672639536394,0.0,21,50,11,23
MYIELLDKFACNCVVGYIGERCQYRDLKWW,False,30,0.8882436061486381,1.0,1.0,0.9565217391304348,1.0,1.0,0.06666666666666667,0.47382672639536394,0.0,21,50,11,23
MYIELLDKWACNCVVGYIGERCQYRDLKWW,False,30,0.8882436061486381,1.0,1.0,0.9565217391304348,1.0,1.0,0.06666666666666667,0.47382672639536394,0.0,21,50,11,23
MYIELLDKYACNCLVGYIGERCQYRDLKWW,False,30,0.8882436061486381,1.0,1.0,0.9565217391304348,1.0,1.0,0.06666666666666667,0.47382672639536394,0.0,21,50,11,23
MYIELLDKYACNCVVPYIGERCQYRDLKWW,False,30,0.8882436061486381,1.0,1.0,0.9565217391304348,1.0,1.0,0.06666666666666667,0.47382672639536394,0.0,21,50,11,23
MYIELLEKYACNCVVGYIGERCQYRDLKWW,False,30,0.8882436061486381,1.0,1.0,0.9565217391304348,1.0,1.0,0.06666666666666667,0.47382672639536394,0.0,21,50,11,23
MYIEVLDKFACNCVVGYIGERCQYRDLKWW,False,30,0.8882436061486381,1.0,1.0,0.9565217391304348,1.0,1.0,0.06666666666666667,0.47382672639536394,0.0,21,50,11,23
MYIEVLDKWACNCVVGYIGERCQYRDLKWW,False,30,0.8882436061486381,1.0,1.0,0.9565217391304348,1.0,1.0,0.06666666666666667,0.47382672639536394,0.0,21,50,11,23
MWIEALDKYACNCVVPWIGERCQYRDLKWW,False,30,0.88296621099391,0.9090909090909091,0.9090909090909091,0.9565217391304348,1.0,1.0,0.1,0.6065306597126334,0.0,21,50,11,23
MYIDAVDKFACNCVVGYIGERCQYRDLKWW,False,30,0.88296621099391,0.9090909090909091,0.9090909090909091,0.9565217391304348,1.0,1.0,0.1,0.6065306597126334,0.0,21,50,11,23
MYIEAIDKWACNCVVPYIGERCQYRDLKWW,False,30,0.88296621099391,0.9090909090909091,0.9090909090909091,0.9565217391304348,1.0,1.0,0.1,0.6065306597126334,0.0,21,50,11,23
MYIEALDKFACNCLVGYIPERCQYRDLKWW,False,30,0.88296621099391,0.9090909090909091,0.9090909090909091,0.9565217391304348,1.0,1.0,0.1,0.6065306597126334,0.0,21,50,11,23
MYIEALDKWACNCVVPYIGERCTYRDLKWW,False,30,0.88296621099391,0.9090909090909091,0.9090909090909091,0.9565217391304348,1.0,1.0,0.1,0.6065306597126334,0.0,21,50,11,23
MYIEALDHYACNCVVGYIGERCQYRELKWW,False,30,0.8817218670182032,1.0,1.0,0.9130434782608695,1.0,1.0,0.06666666666666667,0.47382672639536394,0.0,21,50,11,23
MYIEALDKYACNCVMGYIGERCQYRELKWW,False,30,0.8817218670182032,1.0,1.0,0.9130434782608695,1.0,1.0,0.06666666666666667,0.47382672639536394,0.0,21,50,11,23
MYIEALDKYACNCVVGYIGERCQYRELKYW,False,30,0.8817218670182032,1.0,1.0,0.9130434782608695,1.0,1.0,0.06666666666666667,0.47382672639536394,0.0,21,50,11,23
MYIELLDKYACNCVVGYIGERCQYRELKWW,False,30,0.8817218670182032,1.0,1.0,0.9130434782608695,1.0,1.0,0.06666666666666667,0.47382672639536394,0.0,21,50,11,23
AYIDALDKYICNCVVGYIGERCQYRDLKWW,False,30,0.8764444718634753,0.9090909090909091,0.9090909090909091,0.9130434782608695,1.0,1.0,0.1,0.6065306597126334,0.0,21,50,11,23
MYIDALDKYACSCVVGWIGERCQYRDLKWW,False,30,0.8764444718634753,0.9090909090909091,0.9090909090909091,0.9130434782608695,1.0,1.0,0.1,0.6065306597126334,0.0,21,50,11,23
MYIEAIEKYACNCVVGYIGERCQYRELKWW,False,30,0.8764444718634753,0.9090909090909091,0.9090909090909091,0.9130434782608695,1.0,1.0,0.1,0.6065306597126334,0.0,21,50,11,23
MFIEALDKYACNCVVGYIGERCQYRDLKWW,False,30,0.8704643909990994,1.0,1.0,1.0,1.0,1.0,0.03333333333333333,0.3523219549954969,0.0,21,50,11,23
MWIEALDKYACNCVVGYIGERCQYRDLKWW,False,30,0.8704643909990994,1.0,1.0,1.0,1.0,1.0,0.03333333333333333,0.3523219549954969,0.0,21,50,11,23
MYIDALDKYACNCVVGYIGERCQYRDLKWW,False,30,0.8704643909990994,1.0,1.0,1.0,1.0,1.0,0.03333333333333333,0.3523219549954969,0.0,21,50,11,23
MYIEALDKFACNCVVGYIGERCQYRDLKWW,False,30,0.8704643909990994,1.0,1.0,1.0,1.0,1.0,0.03333333333333333,0.3523219549954969,0.0,21,50,11,23
MYIEALDKWACNCVVGYIGERCQYRDLKWW,False,30,0.8704643909990994,1.0,1.0,1.0,1.0,1.0,0.03333333333333333,0.3523219549954969,0.0,21,50,11,23
MYIEALDKYACNCAVGYIGERCQYRDLKWW,False,30,0.8704643909990994,1.0,1.0,1.0,1.0,1.0,0.03333333333333333,0.3523219549954969,0.0,21,50,11,23
MYIEALDKYACNCIVGYIGERCQYRDLKWW,False,30,0.8704643909990994,1.0,1.0,1.0,1.0,1.0,0.03333333333333333,0.3523219549954969,0.0,21,50,11,23
MYIEALDKYACNCLVGYIGERCQYRDLKWW,False,30,0.8704643909990994,1.0,1.0,1.0,1.0,1.0,0.03333333333333333,0.3523219549954969,0.0,21,50,11,23
MYIEALDKYACNCMVGYIGERCQYRDLKWW,False,30,0.8704643909990994,1.0,1.0,1.0,1.0,1.0,0.03333333333333333,0.3523219549954969,0.0,21,50,11,23
MYIEALDKYACNCVVPYIGERCQYRDLKWW,False,30,0.8704643909990994,1.0,1.0,1.0,1.0,1.0,0.03333333333333333,0.3523219549954969,0.0,21,50,11,23
MYIEALEKYACNCVVGYIGERCQYRDLKWW,False,30,0.8704643909990994,1.0,1.0,1.0,1.0,1.0,0.03333333333333333,0.3523219549954969,0.0,21,50,11,23
MYIEALFKYACNCVVGYIGERCQYRDLKWW,False,30,0.8671310576657661,1.0,1.0,1.0,1.0,0.9666666666666667,0.03333333333333333,0.3523219549954969,0.0,21,50,11,23
MYIEALLKYACNCVVGYIGERCQYRDLKWW,False,30,0.8671310576657661,1.0,1.0,1.0,1.0,0.9666666666666667,0.03333333333333333,0.3523219549954969,0.0,21,50,11,23
MYIEALDHYACNCVVGYIGERCQYRDLKWW,False,30,0.8639426518686647,1.0,1.0,0.9565217391304348,1.0,1.0,0.03333333333333333,0.3523219549954969,0.0,21,50,11,23
MYIEALDKYACNCVLGYIGERCQYRDLKWW,False,30,0.8639426518686647,1.0,1.0,0.9565217391304348,1.0,1.0,0.03333333333333333,0.3523219549954969,0.0,21,50,11,23
MYIEALDKYACNCVVGYAGERCQYRDLKWW,False,30,0.8639426518686647,1.0,1.0,0.9565217391304348,1.0,1.0,0.03333333333333333,0.3523219549954969,0.0,21,50,11,23
MYIEALDKYACNCVVGYIGDRCQYRDLKWW,False,30,0.8639426518686647,1.0,1.0,0.9565217391304348,1.0,1.0,0.03333333333333333,0.3523219549954969,0.0,21,50,11,23
MYIEALDKYACNCVVGYIGERCQYRDLKWF,False,30,0.8639426518686647,1.0,1.0,0.9565217391304348,1.0,1.0,0.03333333333333333,0.3523219549954969,0.0,21,50,11,23
MYIEALDKYACNCVVGYIGERCQYRDLKYW,False,30,0.8639426518686647,1.0,1.0,0.9565217391304348,1.0,1.0,0.03333333333333333,0.3523219549954969,0.0,21,50,11,23
MYIEALDKYACNCVVGYIGERCQYRELKWW,False,30,0.8639426518686647,1.0,1.0,0.9565217391304348,1.0,1.0,0.03333333333333333,0.3523219549954969,0.0,21,50,11,23
MYIEALDKYACNCVVGYMGERCQYRDLKWW,False,30,0.8639426518686647,1.0,1.0,0.9565217391304348,1.0,1.0,0.03333333333333333,0.3523219549954969,0.0,21,50,11,23
MYIEALDKYACNCVVGYVGERCQYRDLKWW,False,30,0.8639426518686647,1.0,1.0,0.9565217391304348,1.0,1.0,0.03333333333333333,0.3523219549954969,0.0,21,50,11,23
MYIEALDKYACQCVVGYIGERCQYRDLKWW,False,30,0.8639426518686647,1.0,1.0,0.9565217391304348,1.0,1.0,0.03333333333333333,0.3523219549954969,0.0,21,50,11,23
MYIEALDKYACSCVVGYIGERCQYRDLKWW,False,30,0.8639426518686647,1.0,1.0,0.9565217391304348,1.0,1.0,0.03333333333333333,0.3523219549954969,0.0,21,50,11,23
MYIEALDKYACTCVVGYIGERCQYRDLKWW,False,30,0.8639426518686647,1.0,1.0,0.9565217391304348,1.0,1.0,0.03333333333333333,0.3523219549954969,0.0,21,50,11,23
MYIELLDKYACNCVVGYIGERCQYRDLKWW,False,30,0.8639426518686647,1.0,1.0,0.9565217391304348,1.0,1.0,0.03333333333333333,0.3523219549954969,0.0,21,50,11,23
MYIEVLDKYACNCVVGYIGERCQYRDLKWW,False,30,0.8639426518686647,1.0,1.0,0.9565217391304348,1.0,1.0,0.03333333333333333,0.3523219549954969,0.0,21,50,11,23
MYIDALDKYACNCVVGYIGERCQFRDLKWW,False,30,0.8564254243304561,0.9090909090909091,0.9090909090909091,0.9565217391304348,1.0,1.0,0.06666666666666667,0.47382672639536394,0.0,21,50,11,23
MYIDALDKYACNCVVGYIGERCQYRDIKWW,False,30,0.8564254243304561,0.9090909090909091,0.9090909090909091,0.9565217391304348,1.0,1.0,0.06666666666666667,0.47382672639536394,0.0,21,50,11,23
MYIEAIDKYACNCVVPYIGERCQYRDLKWW,False,30,0.8564254243304561,0.9090909090909091,0.9090909090909091,0.9565217391304348,1.0,1.0,0.06666666666666667,0.47382672639536394,0.0,21,50,11,23
MYIEALDKFACNCVVGWIGERCQYRDLKWW,False,30,0.8564254243304561,0.9090909090909091,0.9090909090909091,0.9565217391304348,1.0,1.0,0.06666666666666667,0.47382672639536394,0.0,21,50,11,23
MYIEALEKYACNCVVGWIGERCQYRDLKWW,False,30,0.8564254243304561,0.9090909090909091,0.9090909090909091,0.9565217391304348,1.0,1.0,0.06666666666666667,0.47382672639536394,0.0,21,50,11,23
MYIEAIDKWACNCVVPYIPERCQYKDLKWW,False,30,0.8563796154412059,0.7272727272727273,0.7272727272727273,0.8695652173913043,1.0,1.0,0.16666666666666666,0.8569968914352789,0.0,21,50,11,23
MYIEALDKYACNCVVGYIGERCQYRDLKWW,True,30,0.8498704417554593,1.0,1.0,1.0,1.0,1.0,0.0,0.24935220877729622,0.0,21,50,11,23
IYIEALDKYACNCVVPWIGERCQYRDLKWW,False,30,0.8446262900452934,0.8181818181818182,0.8181818181818182,0.9130434782608695,1.0,1.0,0.1,0.6065306597126334,0.0,21,50,11,23
MYIEAMDKFACNCVVGWIGERCQYRDLKWW,False,30,0.8446262900452934,0.8181818181818182,0.8181818181818182,0.9130434782608695,1.0,1.0,0.1,0.6065306597126334,0.0,21,50,11,23
MYIEAADKYACNCVVGYIGERCQYRDLKWW,False,30,0.8321244700504827,0.9090909090909091,0.9090909090909091,0.9565217391304348,1.0,1.0,0.03333333333333333,0.3523219549954969,0.0,21,50,11,23
MYIEAVDKYACNCVVGYIGERCQYRDLKWW,False,30,0.8321244700504827,0.9090909090909091,0.9090909090909091,0.9565217391304348,1.0,1.0,0.03333333333333333,0.3523219549954969,0.0,21,50,11,23
VYIEALDKYACNCVVGYIGERCQYRDLKWW,False,30,0.8321244700504827,0.9090909090909091,0.9090909090909091,0.9565217391304348,1.0,1.0,0.03333333333333333,0.3523219549954969,0.0,21,50,11,23
